Grados: [0.07, 0.0, 4.2125, 0.2, 0.552]
Num_palabras: 2
Grados: [7.1525, 3.4300000000000006, 4.3549999999999995, 3.3850000000000002, 2.2475]
Num_palabras: 7
Grados: [1.2, 1.8, 6.130000000000001, 1.1, 0.62]
Num_palabras: 2
Grados: [0.47250000000000003, 0.8655000000000002, 3.503, 0.28750000000000003, 0.1695]
Num_palabras: 2
Grados: [0.41600000000000004, 0.4, 4.944, 0.8, 0.16000000000000003]
Num_palabras: 1
Grados: [3.8, 4.279999999999999, 14.16, 2.8600000000000003, 2.27]
Num_palabras: 8
Grados: [3.5000000000000004, 3.45, 13.909999999999998, 2.4499999999999997, 1.6500000000000001]
Num_palabras: 9
Grados: [0.47, 0.25, 1.04, 0.4, 0.2]
Num_palabras: 2
Grados: [3.6399999999999997, 2.63, 8.370000000000001, 2.07, 1.7899999999999998]
Num_palabras: 6
Grados: [1.1280000000000001, 0.67, 7.791, 0.6890000000000001, 0.3275]
Num_palabras: 5
Grados: [1.1280000000000001, 0.67, 7.791, 0.6890000000000001, 0.3275]
Num_palabras: 5
Grados: [1.1280000000000001, 0.67, 7.791, 0.6890000000000001, 0.3275]
Num_palabras: 5
Grados: [1.1280000000000001, 0.67, 7.791, 0.6890000000000001, 0.3275]
Num_palabras: 5
